[[  1.00000000e+00   6.91092543e-03   1.67904424e-03   1.18306123e-03
   -5.39228826e-03   3.49219542e-03  -3.84060102e-03  -4.18747800e-03
   -6.18806049e-03  -2.67682088e-03   2.35874108e-03   6.43546694e-03
   -1.19081035e-02  -1.35831916e-03   6.12753002e-03   1.68665664e-03
    8.85336656e-03   1.29803446e-03   6.97034284e-03]
 [  6.91092543e-03   1.00000000e+00  -3.19930666e-04   1.53006690e-03
    6.16794010e-03   9.50498952e-04   7.11283332e-03   1.31713198e-05
    7.58480673e-03   8.78719136e-03   6.82574565e-05   2.06095179e-03
   -5.30476959e-03   2.20437665e-05   3.83182754e-03   1.99725547e-03
    2.18740731e-03   7.52262946e-04   6.74284395e-03]
 [  1.67904424e-03  -3.19930666e-04   1.00000000e+00   1.05893849e-02
    5.26541889e-03   1.06334805e-02   6.85248452e-03   7.61793825e-04
    1.08295096e-03   1.31663516e-02   2.15225290e-03  -1.33880953e-02
   -1.33486447e-02  -3.24306340e-05   5.52102244e-03  -7.99966557e-04
   -8.21450827e-03   2.18442926e-03   2.15771888e-05]
 [  1.18306123e-03   1.53006690e-03   1.05893849e-02   1.00000000e+00
    8.58277882e-01   7.58005447e-01   6.86949596e-01  -1.13974265e-02
    1.68415459e-01   1.85487571e-01   3.51652391e-02   1.22994354e-01
   -3.84047994e-01   5.71559752e-03   4.20051534e-02   3.12889231e-02
    5.62913388e-02   2.06378018e-03   1.09513119e-01]
 [ -5.39228826e-03   6.16794010e-03   5.26541889e-03   8.58277882e-01
    1.00000000e+00   6.12042152e-01   7.93423223e-01   1.46065274e-03
    1.13811316e-01   1.25804086e-01   1.67375032e-02   3.76240060e-02
    4.84240073e-03   7.38020651e-04   1.55482041e-02   2.04912948e-02
    3.14061140e-02  -3.18305983e-04   8.99442605e-02]
 [  3.49219542e-03   9.50498952e-04   1.06334805e-02   7.58005447e-01
    6.12042152e-01   1.00000000e+00   7.66908453e-01  -2.19746042e-02
    8.40119513e-02   8.19450133e-02   4.09231556e-02   1.36728983e-01
   -3.98662334e-01  -1.22910318e-01   1.49147625e-02   1.29660760e-02
    5.31966571e-02   6.27683118e-04   3.97396810e-02]
 [ -3.84060102e-03   7.11283332e-03   6.85248452e-03   6.86949596e-01
    7.93423223e-01   7.66908453e-01   1.00000000e+00  -1.23063809e-02
    1.08182644e-01   1.18466274e-01  -7.63140767e-03   6.16481084e-02
    3.54877486e-03   4.64909638e-03   1.53950636e-02   1.98922985e-02
    4.29916884e-02   2.58631730e-04   8.21865185e-02]
 [ -4.18747800e-03   1.31713198e-05   7.61793825e-04  -1.13974265e-02
    1.46065274e-03  -2.19746042e-02  -1.23063809e-02   1.00000000e+00
    8.10001376e-03   1.08695394e-02   3.10529062e-02  -4.78298605e-03
    2.60697727e-02  -2.94615556e-03   6.28903975e-02   4.66381312e-02
    4.50502292e-02   3.31148958e-03   3.69347347e-02]
 [ -6.18806049e-03   7.58480673e-03   1.08295096e-03   1.68415459e-01
    1.13811316e-01   8.40119513e-02   1.08182644e-01   8.10001376e-03
    1.00000000e+00   8.82414359e-01   4.56264051e-02   3.10020957e-01
   -3.28559955e-02  -1.02969942e-02   4.08772468e-01   2.10176726e-01
    3.73105199e-01   2.52259400e-02   4.37467057e-01]
 [ -2.67682088e-03   8.78719136e-03   1.31663516e-02   1.85487571e-01
    1.25804086e-01   8.19450133e-02   1.18466274e-01   1.08695394e-02
    8.82414359e-01   1.00000000e+00   2.84105651e-02   8.66167235e-02
   -4.20726591e-02   3.00959586e-02   4.28967580e-01   2.05705604e-01
    2.37376265e-01   2.52561208e-02   4.56571239e-01]
 [  2.35874108e-03   6.82574565e-05   2.15225290e-03   3.51652391e-02
    1.67375032e-02   4.09231556e-02  -7.63140767e-03   3.10529062e-02
    4.56264051e-02   2.84105651e-02   1.00000000e+00   2.35860128e-02
   -4.07451165e-02   1.59141750e-02   2.37026245e-02   5.84009589e-02
    4.00290906e-02   1.78589955e-03   1.03298009e-02]
 [  6.43546694e-03   2.06095179e-03  -1.33880953e-02   1.22994354e-01
    3.76240060e-02   1.36728983e-01   6.16481084e-02  -4.78298605e-03
    3.10020957e-01   8.66167235e-02   2.35860128e-02   1.00000000e+00
   -1.98676275e-01   1.77669423e-02   4.11960650e-02   5.56634871e-02
    3.28982956e-01   4.57676385e-03   5.02588322e-02]
 [ -1.19081035e-02  -5.30476959e-03  -1.33486447e-02  -3.84047994e-01
    4.84240073e-03  -3.98662334e-01   3.54877486e-03   2.60697727e-02
   -3.28559955e-02  -4.20726591e-02  -4.07451165e-02  -1.98676275e-01
    1.00000000e+00  -6.99503182e-03  -1.72636651e-02  -7.84341894e-03
   -2.28413236e-02  -2.10397243e-03  -2.17687823e-02]
 [ -1.35831916e-03   2.20437665e-05  -3.24306340e-05   5.71559752e-03
    7.38020651e-04  -1.22910318e-01   4.64909638e-03  -2.94615556e-03
   -1.02969942e-02   3.00959586e-02   1.59141750e-02   1.77669423e-02
   -6.99503182e-03   1.00000000e+00  -5.41039331e-03  -2.45810963e-03
   -7.15841879e-03  -6.59380167e-04  -6.82228679e-03]
 [  6.12753002e-03   3.83182754e-03   5.52102244e-03   4.20051534e-02
    1.55482041e-02   1.49147625e-02   1.53950636e-02   6.28903975e-02
    4.08772468e-01   4.28967580e-01   2.37026245e-02   4.11960650e-02
   -1.72636651e-02  -5.41039331e-03   1.00000000e+00  -2.71798015e-04
    4.10920913e-02  -7.48692011e-04   4.95551645e-02]
 [  1.68665664e-03   1.99725547e-03  -7.99966557e-04   3.12889231e-02
    2.04912948e-02   1.29660760e-02   1.98922985e-02   4.66381312e-02
    2.10176726e-01   2.05705604e-01   5.84009589e-02   5.56634871e-02
   -7.84341894e-03  -2.45810963e-03  -2.71798015e-04   1.00000000e+00
    5.52534618e-02  -5.03724957e-04   3.85084632e-02]
 [  8.85336656e-03   2.18740731e-03  -8.21450827e-03   5.62913388e-02
    3.14061140e-02   5.31966571e-02   4.29916884e-02   4.50502292e-02
    3.73105199e-01   2.37376265e-01   4.00290906e-02   3.28982956e-01
   -2.28413236e-02  -7.15841879e-03   4.10920913e-02   5.52534618e-02
    1.00000000e+00   5.35423640e-03   8.60508765e-02]
 [  1.29803446e-03   7.52262946e-04   2.18442926e-03   2.06378018e-03
   -3.18305983e-04   6.27683118e-04   2.58631730e-04   3.31148958e-03
    2.52259400e-02   2.52561208e-02   1.78589955e-03   4.57676385e-03
   -2.10397243e-03  -6.59380167e-04  -7.48692011e-04  -5.03724957e-04
    5.35423640e-03   1.00000000e+00   4.89364854e-03]
 [  6.97034284e-03   6.74284395e-03   2.15771888e-05   1.09513119e-01
    8.99442605e-02   3.97396810e-02   8.21865185e-02   3.69347347e-02
    4.37467057e-01   4.56571239e-01   1.03298009e-02   5.02588322e-02
   -2.17687823e-02  -6.82228679e-03   4.95551645e-02   3.85084632e-02
    8.60508765e-02   4.89364854e-03   1.00000000e+00]]
Time consumed =  1:22:18.113387
