[[  1.00000000e+00   6.95370176e-03   3.39279123e-03  -1.41237474e-03
   -4.46178909e-03   1.11032738e-03  -1.49869717e-03  -6.20066924e-03
   -8.47136808e-04   2.12900755e-03   2.05603091e-03   5.02408390e-03
   -6.45235819e-03   5.06168014e-07   7.88798816e-03   2.24811396e-03
    1.13671192e-02   1.62471352e-03   9.04602786e-03]
 [  6.95370176e-03   1.00000000e+00  -2.44675993e-03  -1.66194103e-05
   -1.12384447e-03  -9.06670774e-04  -1.06561273e-03  -3.50900058e-04
    1.07561696e-02   1.12462674e-02   4.43078586e-05   2.45907543e-03
   -9.31199774e-04   3.48005155e-04   4.57370353e-03   2.38236888e-03
    2.56953828e-03   8.99878436e-04   8.09428966e-03]
 [  3.39279123e-03  -2.44675993e-03   1.00000000e+00   9.55225518e-03
    5.04116373e-03   9.30558833e-03   6.18745078e-03  -5.27492740e-06
    1.48749642e-03   1.19452261e-02   1.58011392e-03  -1.25275920e-02
   -1.10248641e-02   4.67835601e-05   6.71236997e-03  -9.51408813e-04
   -9.92135649e-03   2.63922888e-03   6.59383635e-05]
 [ -1.41237474e-03  -1.66194103e-05   9.55225518e-03   1.00000000e+00
    8.84031526e-01   7.56018582e-01   7.12128215e-01  -1.32501559e-02
    1.72422863e-01   1.93609452e-01   3.91641784e-02   1.18483377e-01
   -3.80268369e-01   5.25783567e-03   5.17134235e-02   3.82213000e-02
    6.94490208e-02   2.58467147e-03   1.34109665e-01]
 [ -4.46178909e-03  -1.12384447e-03   5.04116373e-03   8.84031526e-01
    1.00000000e+00   6.29390550e-01   7.79728378e-01  -3.77176019e-03
    1.19820161e-01   1.34888086e-01   2.34880435e-02   3.72660318e-02
    1.09603858e-02   7.71779451e-04   1.72372308e-02   2.45071432e-02
    3.63936710e-02  -6.55726420e-04   1.09600518e-01]
 [  1.11032738e-03  -9.06670774e-04   9.30558833e-03   7.56018582e-01
    6.29390550e-01   1.00000000e+00   7.91355562e-01  -2.75873454e-02
    8.45663209e-02   8.43369523e-02   4.19599114e-02   1.31550648e-01
   -3.94921023e-01  -1.20002870e-01   1.83766369e-02   1.58183802e-02
    6.50509437e-02   7.93844403e-04   4.86494975e-02]
 [ -1.49869717e-03  -1.06561273e-03   6.18745078e-03   7.12128215e-01
    7.79728378e-01   7.91355562e-01   1.00000000e+00  -2.44249303e-02
    1.14764899e-01   1.27667234e-01  -1.01061007e-02   6.09403291e-02
    8.77018986e-03   5.61987687e-03   1.61009186e-02   2.33863669e-02
    4.97054204e-02  -6.02707164e-05   9.89763082e-02]
 [ -6.20066924e-03  -3.50900058e-04  -5.27492740e-06  -1.32501559e-02
   -3.77176019e-03  -2.75873454e-02  -2.44249303e-02   1.00000000e+00
    1.29688093e-02   1.42358750e-02   2.63742820e-02  -1.91680018e-02
    3.54214551e-02  -2.19859292e-03   4.61352748e-02   4.02263496e-02
    2.01860626e-02   9.53809768e-04   1.27858027e-02]
 [ -8.47136808e-04   1.07561696e-02   1.48749642e-03   1.72422863e-01
    1.19820161e-01   8.45663209e-02   1.14764899e-01   1.29688093e-02
    1.00000000e+00   9.06316806e-01   4.73385678e-02   3.09466280e-01
   -3.00648827e-02  -9.36494189e-03   4.74953749e-01   2.43553542e-01
    4.34927864e-01   2.92829523e-02   5.09407925e-01]
 [  2.12900755e-03   1.12462674e-02   1.19452261e-02   1.93609452e-01
    1.34888086e-01   8.43369523e-02   1.27667234e-01   1.42358750e-02
    9.06316806e-01   1.00000000e+00   3.33746273e-02   8.96303892e-02
   -4.03650310e-02   2.65644772e-02   5.07767280e-01   2.42897858e-01
    2.81813057e-01   2.98208633e-02   5.41466929e-01]
 [  2.05603091e-03   4.43078586e-05   1.58011392e-03   3.91641784e-02
    2.34880435e-02   4.19599114e-02  -1.01061007e-02   2.63742820e-02
    4.73385678e-02   3.33746273e-02   1.00000000e+00   1.96907313e-02
   -3.64801637e-02   2.44186865e-02   2.19527895e-02   5.78769980e-02
    3.78758572e-02   1.55842676e-03   7.96880217e-03]
 [  5.02408390e-03   2.45907543e-03  -1.25275920e-02   1.18483377e-01
    3.72660318e-02   1.31550648e-01   6.09403291e-02  -1.91680018e-02
    3.09466280e-01   8.96303892e-02   1.96907313e-02   1.00000000e+00
   -1.97779129e-01   1.74260165e-02   4.26772673e-02   6.19273301e-02
    3.74453850e-01   4.67423501e-03   5.19581973e-02]
 [ -6.45235819e-03  -9.31199774e-04  -1.10248641e-02  -3.80268369e-01
    1.09603858e-02  -3.94921023e-01   8.77018986e-03   3.54214551e-02
   -3.00648827e-02  -4.03650310e-02  -3.64801637e-02  -1.97779129e-01
    1.00000000e+00  -6.80177149e-03  -2.06634808e-02  -9.36534857e-03
   -2.74025748e-02  -2.51076120e-03  -2.61029770e-02]
 [  5.06168014e-07   3.48005155e-04   4.67835601e-05   5.25783567e-03
    7.71779451e-04  -1.20002870e-01   5.61987687e-03  -2.19859292e-03
   -9.36494189e-03   2.65644772e-02   2.44186865e-02   1.74260165e-02
   -6.80177149e-03   1.00000000e+00  -6.43648935e-03  -2.91722226e-03
   -8.53565682e-03  -7.82079644e-04  -8.13084374e-03]
 [  7.88798816e-03   4.57370353e-03   6.71236997e-03   5.17134235e-02
    1.72372308e-02   1.83766369e-02   1.61009186e-02   4.61352748e-02
    4.74953749e-01   5.07767280e-01   2.19527895e-02   4.26772673e-02
   -2.06634808e-02  -6.43648935e-03   1.00000000e+00  -3.04624649e-03
    3.33238392e-02  -1.49454798e-03   4.22185419e-02]
 [  2.24811396e-03   2.38236888e-03  -9.51408813e-04   3.82213000e-02
    2.45071432e-02   1.58183802e-02   2.33863669e-02   4.02263496e-02
    2.43553542e-01   2.42897858e-01   5.78769980e-02   6.19273301e-02
   -9.36534857e-03  -2.91722226e-03  -3.04624649e-03   1.00000000e+00
    5.19069092e-02  -8.41057915e-04   3.52168026e-02]
 [  1.13671192e-02   2.56953828e-03  -9.92135649e-03   6.94490208e-02
    3.63936710e-02   6.50509437e-02   4.97054204e-02   2.01860626e-02
    4.34927864e-01   2.81813057e-01   3.78758572e-02   3.74453850e-01
   -2.74025748e-02  -8.53565682e-03   3.33238392e-02   5.19069092e-02
    1.00000000e+00   4.39718454e-03   7.66828509e-02]
 [  1.62471352e-03   8.99878436e-04   2.63922888e-03   2.58467147e-03
   -6.55726420e-04   7.93844403e-04  -6.02707164e-05   9.53809768e-04
    2.92829523e-02   2.98208633e-02   1.55842676e-03   4.67423501e-03
   -2.51076120e-03  -7.82079644e-04  -1.49454798e-03  -8.41057915e-04
    4.39718454e-03   1.00000000e+00   3.97844146e-03]
 [  9.04602786e-03   8.09428966e-03   6.59383635e-05   1.34109665e-01
    1.09600518e-01   4.86494975e-02   9.89763082e-02   1.27858027e-02
    5.09407925e-01   5.41466929e-01   7.96880217e-03   5.19581973e-02
   -2.61029770e-02  -8.13084374e-03   4.22185419e-02   3.52168026e-02
    7.66828509e-02   3.97844146e-03   1.00000000e+00]]
Time consumed =  0:56:01.584070
