[[  1.00000000e+00   1.81613064e-03  -3.72719426e-03   1.70547020e-03
   -8.21499268e-03   1.17998754e-02   2.49475352e-04   2.50230736e-03
   -4.06499506e-02  -2.84633156e-02   1.30405065e-02  -9.80971812e-03
   -2.83918709e-02   1.84033954e-03  -1.56991301e-02  -3.81427018e-03
   -1.45233602e-02  -3.23167197e-03  -1.91672140e-02]
 [  1.81613064e-03   1.00000000e+00   5.65024086e-03   1.76020376e-03
   -1.44882365e-03   1.91810409e-03  -1.44221962e-03  -6.78830497e-04
    1.83342916e-03   3.65167385e-03  -1.10556064e-03   1.01445256e-03
   -8.43239902e-03   6.12390822e-04  -4.32323332e-04   3.50884237e-04
    1.02073424e-03  -1.87788860e-04   3.25845543e-03]
 [ -3.72719426e-03   5.65024086e-03   1.00000000e+00   7.42332620e-03
    5.32172715e-03   5.15610780e-03   5.21844549e-03  -1.27446672e-03
    1.06080427e-02   1.53824810e-02   1.09412016e-02  -5.67100906e-03
   -6.28632430e-03   1.50399664e-03   8.87811174e-03   4.40875979e-03
    1.47178848e-03   2.47923886e-03   9.53537690e-03]
 [  1.70547020e-03   1.76020376e-03   7.42332620e-03   1.00000000e+00
    8.87973292e-01   7.44761692e-01   7.25392941e-01  -2.06801585e-02
    1.76518664e-01   2.02297111e-01   3.00713424e-02   1.18173515e-01
   -3.60736800e-01   4.16306343e-03   6.69328107e-02   3.74041681e-02
    8.13706227e-02   3.33771586e-03   1.65915641e-01]
 [ -8.21499268e-03  -1.44882365e-03   5.32172715e-03   8.87973292e-01
    1.00000000e+00   6.26926201e-01   7.91819165e-01  -1.06779024e-02
    1.15081373e-01   1.36449438e-01  -4.91928728e-02   3.54188405e-02
    1.62184086e-02  -8.10352980e-04   2.19144106e-02   2.14531157e-02
    3.72300923e-02  -1.75208315e-04   1.33737086e-01]
 [  1.17998754e-02   1.91810409e-03   5.15610780e-03   7.44761692e-01
    6.26926201e-01   1.00000000e+00   7.76941240e-01  -3.18660898e-02
    7.29201400e-02   7.84677722e-02   8.57504890e-02   1.17409415e-01
   -3.76579696e-01  -1.08692345e-01   1.78368963e-02   8.73738327e-03
    6.70630686e-02   2.29196074e-03   5.33747509e-02]
 [  2.49475352e-04  -1.44221962e-03   5.21844549e-03   7.25392941e-01
    7.91819165e-01   7.76941240e-01   1.00000000e+00  -2.78784298e-02
    1.11302268e-01   1.30695510e-01  -9.35277106e-03   5.55223368e-02
    1.32363246e-02   7.38590561e-03   2.03333005e-02   2.13937567e-02
    5.22488734e-02   5.47818186e-04   1.19053883e-01]
 [  2.50230736e-03  -6.78830497e-04  -1.27446672e-03  -2.06801585e-02
   -1.06779024e-02  -3.18660898e-02  -2.78784298e-02   1.00000000e+00
    1.51162175e-02   7.95953110e-03  -1.72266075e-02   7.71579823e-03
    4.20664087e-02  -6.53085591e-05   2.70282278e-02   3.07983945e-02
    3.80322959e-03  -4.09751069e-04  -1.29266166e-02]
 [ -4.06499506e-02   1.83342916e-03   1.06080427e-02   1.76518664e-01
    1.15081373e-01   7.29201400e-02   1.11302268e-01   1.51162175e-02
    1.00000000e+00   9.27002199e-01   1.26641997e-01   3.20203676e-01
   -2.96545906e-02  -1.04199086e-02   5.64634179e-01   2.80279875e-01
    5.14357212e-01   2.56549544e-02   6.06091012e-01]
 [ -2.84633156e-02   3.65167385e-03   1.53824810e-02   2.02297111e-01
    1.36449438e-01   7.84677722e-02   1.30695510e-01   7.95953110e-03
    9.27002199e-01   1.00000000e+00   2.96558422e-02   1.06601080e-01
   -3.78559414e-02   2.40728008e-02   5.99152328e-01   2.76555969e-01
    3.56659580e-01   2.49257569e-02   6.42204635e-01]
 [  1.30405065e-02  -1.10556064e-03   1.09412016e-02   3.00713424e-02
   -4.91928728e-02   8.57504890e-02  -9.35277106e-03  -1.72266075e-02
    1.26641997e-01   2.96558422e-02   1.00000000e+00   7.55542069e-02
   -1.90571009e-01  -5.20927723e-02   1.01103621e-02   2.14240199e-02
    1.81098918e-01  -1.37414442e-04   2.37301778e-02]
 [ -9.80971812e-03   1.01445256e-03  -5.67100906e-03   1.18173515e-01
    3.54188405e-02   1.17409415e-01   5.55223368e-02   7.71579823e-03
    3.20203676e-01   1.06601080e-01   7.55542069e-02   1.00000000e+00
   -1.98515102e-01   1.70890136e-02   5.27273214e-02   7.97122048e-02
    4.50424438e-01   6.09558177e-03   5.94251652e-02]
 [ -2.83918709e-02  -8.43239902e-03  -6.28632430e-03  -3.60736800e-01
    1.62184086e-02  -3.76579696e-01   1.32363246e-02   4.20664087e-02
   -2.96545906e-02  -3.78559414e-02  -1.90571009e-01  -1.98515102e-01
    1.00000000e+00  -7.02691064e-03  -2.45009674e-02  -1.01810472e-02
   -3.20479374e-02  -2.68869619e-03  -3.16043702e-02]
 [  1.84033954e-03   6.12390822e-04   1.50399664e-03   4.16306343e-03
   -8.10352980e-04  -1.08692345e-01   7.38590561e-03  -6.53085591e-05
   -1.04199086e-02   2.40728008e-02  -5.20927723e-02   1.70890136e-02
   -7.02691064e-03   1.00000000e+00  -8.60904955e-03  -3.57737464e-03
   -1.12608729e-02  -9.44743052e-04  -1.11050141e-02]
 [ -1.56991301e-02  -4.32323332e-04   8.87811174e-03   6.69328107e-02
    2.19144106e-02   1.78368963e-02   2.03333005e-02   2.70282278e-02
    5.64634179e-01   5.99152328e-01   1.01103621e-02   5.27273214e-02
   -2.45009674e-02  -8.60904955e-03   1.00000000e+00  -6.11185229e-03
    2.21449899e-02  -2.28680518e-03   3.18293710e-02]
 [ -3.81427018e-03   3.50884237e-04   4.40875979e-03   3.74041681e-02
    2.14531157e-02   8.73738327e-03   2.13937567e-02   3.07983945e-02
    2.80279875e-01   2.76555969e-01   2.14240199e-02   7.97122048e-02
   -1.01810472e-02  -3.57737464e-03  -6.11185229e-03   1.00000000e+00
    4.70267329e-02  -1.20407976e-03   2.60956861e-02]
 [ -1.45233602e-02   1.02073424e-03   1.47178848e-03   8.13706227e-02
    3.72300923e-02   6.70630686e-02   5.22488734e-02   3.80322959e-03
    5.14357212e-01   3.56659580e-01   1.81098918e-01   4.50424438e-01
   -3.20479374e-02  -1.12608729e-02   2.21449899e-02   4.70267329e-02
    1.00000000e+00   2.72707762e-03   6.21026721e-02]
 [ -3.23167197e-03  -1.87788860e-04   2.47923886e-03   3.33771586e-03
   -1.75208315e-04   2.29196074e-03   5.47818186e-04  -4.09751069e-04
    2.56549544e-02   2.49257569e-02  -1.37414442e-04   6.09558177e-03
   -2.68869619e-03  -9.44743052e-04  -2.28680518e-03  -1.20407976e-03
    2.72707762e-03   1.00000000e+00   2.36620065e-03]
 [ -1.91672140e-02   3.25845543e-03   9.53537690e-03   1.65915641e-01
    1.33737086e-01   5.33747509e-02   1.19053883e-01  -1.29266166e-02
    6.06091012e-01   6.42204635e-01   2.37301778e-02   5.94251652e-02
   -3.16043702e-02  -1.11050141e-02   3.18293710e-02   2.60956861e-02
    6.21026721e-02   2.36620065e-03   1.00000000e+00]]
Time consumed =  0:06:40.885772
